1
5
7
7
9
13
14
15
18
21
22
23
26
27
28
31
32
35
35
38
40
41
43
46
47
47
50
51
51
54
55
58
59
59
63
63
65
67
69
70
70
73
74
76
76
77
80
82
81
83
86
86
87
89
90
91
93
95
95
96
98
100
101
102
103
104
105
106
107
110
110
111
111
114
115
116
116
117
118
119
121
122
123
124
125
125
127
129
129
129
130
133
131
132
134
135
135
136
138
139
141
139
141
141
143
143
143
145
147
147
147
149
150
150
151
153
154
154
155
156
156
158
156
159
159
161
160
162
163
162
163
163
166
166
167
167
168
167
169
171
171
171
172
172
172
173
173
175
175
175
177
177
177
177
179
180
180
179
181
181
182
182
183
183
185
185
185
186
186
186
186
187
187
189
189
189
191
191
190
191
193
192
194
193
193
195
195
196
196
196
197
197
198
199
198
198
200
200
199
200
200
201
202
203
204
204
204
204
204
204
206
204
206
205
207
207
208
208
207
207
208
209
208
209
210
210
210
211
210
210
212
211
212
213
212
213
213
215
214
214
215
215
216
215
216
215
217
217
218
218
217
217
218
219
217
218
220
220
219
220
219
220
221
220
221
220
221
222
222
223
223
222
223
223
223
223
224
223
225
224
224
224
226
225
226
225
225
226
226
227
227
228
225
228
226
228
228
228
228
229
227
227
229
228
230
229
229
230
229
231
230
230
231
230
231
230
232
232
231
232
231
232
231
233
231
232
232
233
232
232
233
233
234
234
234
234
234
233
233
234
233
235
235
234
235
235
234
235
234
236
235
236
236
236
237
237
236
238
236
237
238
236
236
238
238
237
237
238
237
238
237
237
237
239
238
237
237
238
239
239
239
239
238
239
238
239
238
239
240
239
240
239
240
239
239
240
241
240
241
240
240
240
240
241
240
240
241
240
241
241
241
240
242
241
241
241
241
241
241
242
241
241
243
242
241
243
242
242
244
242
243
242
243
244
243
244
244
243
243
242
243
243
244
244
243
244
244
243
243
243
245
244
244
245
245
245
244
243
244
243
244
244
243
244
245
245
245
244
244
245
245
245
245
244
245
246
246
245
245
245
246
246
245
246
246
246
246
246
247
246
246
245
246
247
246
246
247
246
246
247
245
245
247
247
246
246
246
245
247
247
246
245
247
245
246
247
246
246
247
247
246
245
247
247
246
246
247
246
247
246
247
246
247
246
246
247
248
244
243
241
239
238
236
232
231
230
226
225
224
222
221
219
217
216
214
214
211
208
207
205
204
204
200
198
197
196
195
192
192
192
188
186
185
184
182
181
180
177
177
175
174
173
171
170
168
167
166
165
164
162
162
160
158
158
155
153
154
152
151
149
148
148
147
145
144
144
142
141
140
137
137
137
135
134
134
132
131
131
128
129
128
126
125
124
124
121
122
121
120
119
118
116
116
116
114
114
113
111
111
110
109
108
106
107
106
104
104
103
102
101
101
100
100
98
97
97
97
96
96
95
93
92
92
92
91
89
89
88
88
88
86
87
84
84
83
83
83
83
81
79
80
79
78
79
76
76
76
76
75
74
73
73
74
72
72
71
72
70
70
69
69
69
67
68
67
67
65
63
65
63
64
64
63
63
62
62
59
60
60
60
59
58
58
57
58
57
55
54
55
54
54
54
53
52
52
52
52
51
49
49
49
49
49
49
48
49
48
48
47
48
47
46
45
44
45
45
46
43
43
42
44
42
41
42
41
40
41
41
42
40
39
40
40
37
38
37
36
38
37
37
37
35
38
36
37
35
35
36
33
35
35
34
33
33
33
33
32
33
31
31
32
30
30
30
31
30
30
30
30
31
28
27
27
28
28
29
28
27
28
27
27
27
25
26
26
24
26
25
25
25
26
24
25
23
23
24
23
23
23
24
23
22
22
23
21
22
21
23
21
23
20
21
21
20
19
19
21
19
20
20
19
19
20
20
17
19
19
19
18
18
17
17
18
18
18
17
17
18
16
18
16
17
15
16
17
17
16
15
16
16
15
17
15
16
14
14
14
14
15
14
14
14
14
15
13
13
13
12
13
14
14
14
13
12
12
12
13
12
12
13
12
13
13
13
12
12
11
11
11
12
12
13
12
12
12
11
11
11
12
10
11
10
11
10
11
11
9
10
9
9
9
11
10
9
9
11
10
10
9
10
9
9
9
9
8
9
10
9
10
10
9
7
8
9
8
8
9
8
7
8
8
8
7
9
8
7
7
7
8
8
7
6
7
8
7
8
8
7
8
8
8
6
7
7
7
7
8
7
7
6
6
5